NC_001781 4320 4320 25
NC_001781 4321 4321 25
NC_001781 4322 4322 25
NC_001781 4323 4323 25
NC_001781 4324 4324 25
NC_001781 4325 4325 43
NC_001781 4326 4326 43
NC_001781 4327 4327 43
NC_001781 4328 4328 43
NC_001781 4329 4329 43
NC_001781 4330 4330 61
NC_001781 4331 4331 61
NC_001781 4332 4332 61
NC_001781 4333 4333 61
NC_001781 4334 4334 61
NC_001781 4335 4335 66
NC_001781 4336 4336 66
NC_001781 4337 4337 66
NC_001781 4338 4338 66
NC_001781 4339 4339 66
NC_001781 4340 4340 66
NC_001781 4341 4341 61
NC_001781 4342 4342 61
NC_001781 4343 4343 61
NC_001781 4344 4344 61
NC_001781 4345 4345 61
NC_001781 4346 4346 50
NC_001781 4347 4347 50
NC_001781 4348 4348 50
NC_001781 4349 4349 50
NC_001781 4350 4350 50
NC_001781 4351 4351 25
NC_001781 4352 4352 25
NC_001781 4353 4353 25
NC_001781 4354 4354 25
NC_001781 4355 4355 25
NC_001781 5415 5415 25
NC_001781 5416 5416 25
NC_001781 5417 5417 25
NC_001781 5418 5418 25
NC_001781 5419 5419 25
NC_001781 5420 5420 35
NC_001781 5421 5421 35
NC_001781 5422 5422 35
NC_001781 5423 5423 35
NC_001781 5424 5424 35
NC_001781 5425 5425 35
NC_001781 5426 5426 35
NC_001781 5427 5427 35
NC_001781 5428 5428 35
NC_001781 5429 5429 35
NC_001781 5430 5430 35
NC_001781 5431 5431 35
NC_001781 5432 5432 35
NC_001781 5433 5433 35
NC_001781 5434 5434 35
NC_001781 5435 5435 35
NC_001781 5436 5436 25
NC_001781 5437 5437 25
NC_001781 5438 5438 25
NC_001781 5439 5439 25
NC_001781 5440 5440 25
