NC_001803 165 165 16
NC_001803 166 166 16
NC_001803 167 167 16
NC_001803 168 168 16
NC_001803 169 169 16
NC_001803 170 170 16
NC_001803 171 171 16
NC_001803 172 172 16
NC_001803 173 173 16
NC_001803 174 174 16
NC_001803 175 175 16
NC_001803 176 176 16
NC_001803 177 177 16
NC_001803 178 178 16
NC_001803 179 179 16
NC_001803 180 180 16
NC_001803 181 181 16
NC_001803 182 182 16
NC_001803 183 183 16
NC_001803 184 184 16
NC_001803 185 185 16
NC_001803 1225 1225 16
NC_001803 1226 1226 16
NC_001803 1227 1227 16
NC_001803 1228 1228 16
NC_001803 1229 1229 16
NC_001803 1230 1230 23
NC_001803 1231 1231 23
NC_001803 1232 1232 23
NC_001803 1233 1233 23
NC_001803 1234 1234 23
NC_001803 1235 1235 23
NC_001803 1236 1236 23
NC_001803 1237 1237 23
NC_001803 1238 1238 23
NC_001803 1239 1239 23
NC_001803 1240 1240 23
NC_001803 1241 1241 23
NC_001803 1242 1242 23
NC_001803 1243 1243 23
NC_001803 1244 1244 23
NC_001803 1245 1245 23
NC_001803 1246 1246 16
NC_001803 1247 1247 16
NC_001803 1248 1248 16
NC_001803 1249 1249 16
NC_001803 1250 1250 16
NC_001803 4470 4470 16
NC_001803 4471 4471 16
NC_001803 4472 4472 16
NC_001803 4473 4473 16
NC_001803 4474 4474 16
NC_001803 4475 4475 16
NC_001803 4476 4476 16
NC_001803 4477 4477 16
NC_001803 4478 4478 16
NC_001803 4479 4479 16
NC_001803 4480 4480 16
NC_001803 4481 4481 16
NC_001803 4482 4482 16
NC_001803 4483 4483 16
NC_001803 4484 4484 16
NC_001803 4485 4485 16
NC_001803 4486 4486 16
NC_001803 4487 4487 16
NC_001803 4488 4488 16
NC_001803 4489 4489 16
NC_001803 4490 4490 16
NC_001803 5001 5001 16
NC_001803 5002 5002 16
NC_001803 5003 5003 16
NC_001803 5004 5004 16
NC_001803 5005 5005 23
NC_001803 5006 5006 23
NC_001803 5007 5007 23
NC_001803 5008 5008 23
NC_001803 5009 5009 23
NC_001803 5010 5010 23
NC_001803 5011 5011 23
NC_001803 5012 5012 23
NC_001803 5013 5013 23
NC_001803 5014 5014 23
NC_001803 5015 5015 23
NC_001803 5016 5016 23
NC_001803 5017 5017 23
NC_001803 5018 5018 23
NC_001803 5019 5019 23
NC_001803 5020 5020 23
NC_001803 5021 5021 16
NC_001803 5022 5022 16
NC_001803 5023 5023 16
NC_001803 5024 5024 16
NC_001803 5025 5025 16
NC_001803 5050 5050 23
NC_001803 5051 5051 23
NC_001803 5052 5052 23
NC_001803 5053 5053 23
NC_001803 5054 5054 23
NC_001803 5055 5055 32
NC_001803 5056 5056 32
NC_001803 5057 5057 32
NC_001803 5058 5058 32
NC_001803 5059 5059 32
NC_001803 5060 5060 40
NC_001803 5061 5061 40
NC_001803 5062 5062 40
NC_001803 5063 5063 40
NC_001803 5064 5064 40
NC_001803 5065 5065 43
NC_001803 5066 5066 43
NC_001803 5067 5067 43
NC_001803 5068 5068 43
NC_001803 5069 5069 43
NC_001803 5070 5070 43
NC_001803 5071 5071 36
NC_001803 5072 5072 36
NC_001803 5073 5073 36
NC_001803 5074 5074 36
NC_001803 5075 5075 36
NC_001803 5076 5076 28
NC_001803 5077 5077 28
NC_001803 5078 5078 28
NC_001803 5079 5079 28
NC_001803 5080 5080 28
NC_001803 5081 5081 16
NC_001803 5082 5082 16
NC_001803 5083 5083 16
NC_001803 5084 5084 16
NC_001803 5085 5085 16
NC_001803 12550 12555 16
NC_001803 12555 12555 16
NC_001803 12556 12556 16
NC_001803 12557 12557 16
NC_001803 12558 12558 16
NC_001803 12559 12559 16
NC_001803 12560 12560 23
NC_001803 12561 12561 23
NC_001803 12562 12562 23
NC_001803 12563 12563 23
NC_001803 12564 12564 23
NC_001803 12565 12565 28
NC_001803 12566 12566 28
NC_001803 12567 12567 28
NC_001803 12568 12568 28
NC_001803 12569 12569 28
NC_001803 12570 12570 32
NC_001803 12571 12571 32
NC_001803 12572 12572 32
NC_001803 12573 12573 32
NC_001803 12574 12574 32
NC_001803 12575 12575 32
NC_001803 12576 12576 28
NC_001803 12577 12577 28
NC_001803 12578 12578 28
NC_001803 12579 12579 28
NC_001803 12580 12580 28
NC_001803 12581 12581 23
NC_001803 12582 12582 23
NC_001803 12583 12583 23
NC_001803 12584 12584 23
NC_001803 12585 12585 23
NC_001803 13465 13465 16
NC_001803 13466 13466 16
NC_001803 13467 13467 16
NC_001803 13468 13468 16
NC_001803 13469 13469 16
NC_001803 13470 13470 23
NC_001803 13471 13471 23
NC_001803 13472 13472 23
NC_001803 13473 13473 23
NC_001803 13474 13474 23
NC_001803 13475 13475 23
NC_001803 13476 13476 23
NC_001803 13477 13477 23
NC_001803 13478 13478 23
NC_001803 13479 13479 23
NC_001803 13480 13480 23
NC_001803 13481 13481 23
NC_001803 13482 13482 23
NC_001803 13483 13483 23
NC_001803 13484 13484 23
NC_001803 13485 13485 23
NC_001803 13486 13486 16
NC_001803 13487 13487 16
NC_001803 13488 13488 16
NC_001803 13489 13489 16
NC_001803 13490 13490 16
NC_001803 13550 13550 16
NC_001803 13551 13551 16
NC_001803 13552 13552 16
NC_001803 13553 13553 16
NC_001803 13554 13554 16
NC_001803 13555 13555 16
NC_001803 13556 13556 16
NC_001803 13557 13557 16
NC_001803 13558 13558 16
NC_001803 13559 13559 16
NC_001803 13560 13560 16
NC_001803 13561 13561 16
NC_001803 13562 13562 16
NC_001803 13563 13563 16
NC_001803 13564 13564 16
NC_001803 13565 13565 16
NC_001803 13566 13566 16
NC_001803 13567 13567 16
NC_001803 13568 13568 16
NC_001803 13569 13569 16
NC_001803 13570 13570 16
NC_001803 13700 13700 16
NC_001803 13701 13701 16
NC_001803 13702 13702 16
NC_001803 13703 13703 16
NC_001803 13704 13704 16
NC_001803 13705 13705 23
NC_001803 13706 13706 23
NC_001803 13707 13707 23
NC_001803 13708 13708 23
NC_001803 13709 13709 23
NC_001803 13710 13710 23
NC_001803 13711 13711 23
NC_001803 13712 13712 23
NC_001803 13713 13713 23
NC_001803 13714 13714 23
NC_001803 13715 13715 23
NC_001803 13716 13716 23
NC_001803 13717 13717 23
NC_001803 13718 13718 23
NC_001803 13719 13719 23
NC_001803 13720 13720 28
NC_001803 13721 13721 23
NC_001803 13722 13722 23
NC_001803 13723 13723 23
NC_001803 13724 13724 23
NC_001803 13725 13725 23
NC_001803 13726 13726 16
NC_001803 13727 13727 16
NC_001803 13728 13728 16
NC_001803 13729 13729 16
NC_001803 13730 13730 16
NC_001803 13731 13731 16
NC_001803 13732 13732 16
NC_001803 13733 13733 16
NC_001803 13734 13734 16
NC_001803 13735 13735 16
NC_001803 13736 13736 16
NC_001803 13737 13737 16
NC_001803 13738 13738 16
NC_001803 13739 13739 16
NC_001803 13740 13740 16
NC_001803 13815 13815 16
NC_001803 13816 13816 16
NC_001803 13817 13817 16
NC_001803 13818 13818 16
NC_001803 13819 13819 16
NC_001803 13820 13820 23
NC_001803 13821 13821 23
NC_001803 13822 13822 23
NC_001803 13823 13823 23
NC_001803 13824 13824 23
NC_001803 13825 13825 23
NC_001803 13826 13826 23
NC_001803 13827 13827 23
NC_001803 13828 13828 23
NC_001803 13829 13829 23
NC_001803 13830 13830 23
NC_001803 13831 13831 23
NC_001803 13832 13832 23
NC_001803 13833 13833 23
NC_001803 13834 13834 23
NC_001803 13835 13835 23
NC_001803 13836 13836 16
NC_001803 13837 13837 16
NC_001803 13838 13838 16
NC_001803 13839 13839 16
NC_001803 13840 13840 16
NC_001803 13910 13910 16
NC_001803 13911 13911 16
NC_001803 13912 13912 16
NC_001803 13913 13913 16
NC_001803 13914 13914 16
NC_001803 13915 13915 23
NC_001803 13916 13916 23
NC_001803 13917 13917 23
NC_001803 13918 13918 23
NC_001803 13919 13919 23
NC_001803 13920 13920 23
NC_001803 13921 13921 23
NC_001803 13922 13922 23
NC_001803 13923 13923 23
NC_001803 13924 13924 23
NC_001803 13925 13925 23
NC_001803 13926 13926 23
NC_001803 13927 13927 23
NC_001803 13928 13928 23
NC_001803 13929 13929 23
NC_001803 13930 13930 23
NC_001803 13931 13931 16
NC_001803 13932 13932 16
NC_001803 13933 13933 16
NC_001803 13934 13934 16
NC_001803 13935 13935 16
NC_001803 13940 13940 16
NC_001803 13941 13941 16
NC_001803 13942 13942 16
NC_001803 13943 13943 16
NC_001803 13944 13944 16
NC_001803 13945 13945 23
NC_001803 13946 13946 23
NC_001803 13947 13947 23
NC_001803 13948 13948 23
NC_001803 13949 13949 23
NC_001803 13950 13950 28
NC_001803 13951 13951 28
NC_001803 13952 13952 28
NC_001803 13953 13953 28
NC_001803 13954 13954 28
NC_001803 13955 13955 28
NC_001803 13956 13956 28
NC_001803 13957 13957 28
NC_001803 13958 13958 28
NC_001803 13959 13959 28
NC_001803 13960 13960 28
NC_001803 13961 13961 23
NC_001803 13962 13962 23
NC_001803 13963 13963 23
NC_001803 13964 13964 23
NC_001803 13965 13965 23
NC_001803 13966 13966 16
NC_001803 13967 13967 16
NC_001803 13968 13968 16
NC_001803 13969 13969 16
NC_001803 13970 13970 16
NC_001803 13980 13980 23
NC_001803 13981 13981 23
NC_001803 13982 13982 23
NC_001803 13983 13983 23
NC_001803 13984 13984 23
NC_001803 13985 13985 36
NC_001803 13986 13986 36
NC_001803 13987 13987 36
NC_001803 13988 13988 36
NC_001803 13989 13989 36
NC_001803 13990 13990 40
NC_001803 13991 13991 40
NC_001803 13992 13992 40
NC_001803 13993 13993 40
NC_001803 13994 13994 40
NC_001803 13995 13995 40
NC_001803 13996 13996 40
NC_001803 13997 13997 40
NC_001803 13998 13998 40
NC_001803 13999 13999 40
NC_001803 14000 14000 40
NC_001803 14001 14001 32
NC_001803 14002 14002 32
NC_001803 14003 14003 32
NC_001803 14004 14004 32
NC_001803 14005 14005 32
NC_001803 14006 14006 16
NC_001803 14007 14007 16
NC_001803 14008 14008 16
NC_001803 14009 14009 16
NC_001803 14010 14010 16
NC_001803 14030 14030 16
NC_001803 14031 14031 16
NC_001803 14032 14032 16
NC_001803 14033 14033 16
NC_001803 14034 14034 16
NC_001803 14035 14035 16
NC_001803 14036 14036 16
NC_001803 14037 14037 16
NC_001803 14038 14038 16
NC_001803 14039 14039 16
NC_001803 14040 14040 16
NC_001803 14041 14041 16
NC_001803 14042 14042 16
NC_001803 14043 14043 16
NC_001803 14044 14044 16
NC_001803 14045 14045 16
NC_001803 14046 14046 16
NC_001803 14047 14047 16
NC_001803 14048 14048 16
NC_001803 14049 14049 16
NC_001803 14050 14050 16
NC_001803 14195 14195 23
NC_001803 14196 14196 23
NC_001803 14197 14197 23
NC_001803 14198 14198 23
NC_001803 14199 14199 23
NC_001803 14200 14200 23
NC_001803 14201 14201 23
NC_001803 14202 14202 23
NC_001803 14203 14203 23
NC_001803 14204 14204 23
NC_001803 14205 14205 23
NC_001803 14206 14206 23
NC_001803 14207 14207 23
NC_001803 14208 14208 23
NC_001803 14209 14209 23
NC_001803 14210 14210 23
NC_001803 14211 14211 23
NC_001803 14212 14212 23
NC_001803 14213 14213 23
NC_001803 14214 14214 23
NC_001803 14215 14215 23
NC_001803 14240 14240 16
NC_001803 14241 14241 16
NC_001803 14242 14242 16
NC_001803 14243 14243 16
NC_001803 14244 14244 16
NC_001803 14245 14245 16
NC_001803 14246 14246 16
NC_001803 14247 14247 16
NC_001803 14248 14248 16
NC_001803 14249 14249 16
NC_001803 14250 14250 23
NC_001803 14251 14251 23
NC_001803 14252 14252 23
NC_001803 14253 14253 23
NC_001803 14254 14254 23
NC_001803 14255 14255 23
NC_001803 14256 14256 23
NC_001803 14257 14257 23
NC_001803 14258 14258 23
NC_001803 14259 14259 23
NC_001803 14260 14260 23
NC_001803 14261 14261 16
NC_001803 14262 14262 16
NC_001803 14263 14263 16
NC_001803 14264 14264 16
NC_001803 14265 14265 16
NC_001803 14266 14266 16
NC_001803 14267 14267 16
NC_001803 14268 14268 16
NC_001803 14269 14269 16
NC_001803 14270 14270 16
NC_001803 14285 14285 16
NC_001803 14286 14286 16
NC_001803 14287 14287 16
NC_001803 14288 14288 16
NC_001803 14289 14289 16
NC_001803 14290 14290 16
NC_001803 14291 14291 16
NC_001803 14292 14292 16
NC_001803 14293 14293 16
NC_001803 14294 14294 16
NC_001803 14295 14295 16
NC_001803 14296 14296 16
NC_001803 14297 14297 16
NC_001803 14298 14298 16
NC_001803 14299 14299 16
NC_001803 14300 14300 16
NC_001803 14301 14301 16
NC_001803 14302 14302 16
NC_001803 14303 14303 16
NC_001803 14304 14304 16
NC_001803 14305 14305 16
NC_001803 14440 14440 16
NC_001803 14441 14441 16
NC_001803 14442 14442 16
NC_001803 14443 14443 16
NC_001803 14444 14444 16
NC_001803 14445 14445 23
NC_001803 14446 14446 23
NC_001803 14447 14447 23
NC_001803 14448 14448 23
NC_001803 14449 14449 23
NC_001803 14450 14450 23
NC_001803 14451 14451 23
NC_001803 14452 14452 23
NC_001803 14453 14453 23
NC_001803 14454 14454 23
NC_001803 14455 14455 23
NC_001803 14456 14456 23
NC_001803 14457 14457 23
NC_001803 14458 14458 23
NC_001803 14459 14459 23
NC_001803 14460 14460 23
NC_001803 14461 14461 16
NC_001803 14462 14462 16
NC_001803 14463 14463 16
NC_001803 14464 14464 16
NC_001803 14465 14465 16
NC_001803 14615 14615 16
NC_001803 14616 14616 16
NC_001803 14617 14617 16
NC_001803 14618 14618 16
NC_001803 14619 14619 16
NC_001803 14620 14620 23
NC_001803 14621 14621 23
NC_001803 14622 14622 23
NC_001803 14623 14623 23
NC_001803 14624 14624 23
NC_001803 14625 14625 23
NC_001803 14626 14626 23
NC_001803 14627 14627 23
NC_001803 14628 14628 23
NC_001803 14629 14629 23
NC_001803 14630 14630 23
NC_001803 14631 14631 23
NC_001803 14632 14632 23
NC_001803 14633 14633 23
NC_001803 14634 14634 23
NC_001803 14635 14635 23
NC_001803 14636 14636 16
NC_001803 14637 14637 16
NC_001803 14638 14638 16
NC_001803 14639 14639 16
NC_001803 14640 14640 16
NC_001803 14885 14885 16
NC_001803 14886 14886 16
NC_001803 14887 14887 16
NC_001803 14888 14888 16
NC_001803 14889 14889 16
NC_001803 14890 14890 16
NC_001803 14891 14891 16
NC_001803 14892 14892 16
NC_001803 14893 14893 16
NC_001803 14894 14894 16
NC_001803 14895 14895 16
NC_001803 14896 14896 16
NC_001803 14897 14897 16
NC_001803 14898 14898 16
NC_001803 14899 14899 16
NC_001803 14900 14900 16
NC_001803 14901 14901 16
NC_001803 14902 14902 16
NC_001803 14903 14903 16
NC_001803 14904 14904 16
NC_001803 14905 14905 16
